 
 
 rho =   0.10000000149011612     
        1001  -19.733670265786316        220.11334581095375        200.37967554516743        1.1834050850051279     
        2002  -19.734033167862037        255.05920680676246        235.32517363890042        1.3712860581008735     
        3003  -19.734290854620642        254.85435175387630        235.12006089925566        1.3701846868487975     
        4004  -19.735215034313349        268.15059863187759        248.41538359756424        1.4416698851176215     
        5005  -19.736363556651778        262.82183641312292        243.08547285647114        1.4130206258770051     
        6006  -19.737062370430163        274.23641573801098        254.49935336758082        1.4743893319247903     
        7007  -19.736105253211882        250.02082546592348        230.28472021271159        1.3441979863759328     
        8008  -19.736621254427849        223.12810767859867        203.39148642417081        1.1996134821430038     
        9009  -19.735957403186870        263.87082487308061        244.13486746989375        1.4186603487800034     
       10010  -19.736400656853217        254.57221666289266        234.83581600603944        1.3686678315209284     
       11011  -19.736106628391877        228.02060820062428        208.28450157223241        1.2259172483904532     
       12012  -19.735046839109831        249.77161494802715        230.03656810891732        1.3428581448818666     
       13013  -19.735642246248297        233.72251990148678        213.98687765523849        1.2565726876424022     
       14014  -19.735231799436697        250.12663568200423        230.39140388256754        1.3447668585053991     
       15015  -19.737861881696844        231.02365404689536        211.28579216519853        1.2420626561661041     
       16016  -19.740380177225887        240.13563933219945        220.39525915497356        1.2910518243666638     
       17017  -19.740499679379035        284.32218858082695        264.58168890144793        1.5286139171012203     
       18018  -19.741517777431344        271.31964693728810        251.57812915985676        1.4587077792327319     
       19019  -19.742063134617332        263.68220414721156        243.94014101259424        1.4176462588559762     
       20020  -19.740543521540477        236.26394928550275        216.52340576396227        1.2702362864811976     
       21021  -19.741226865135200        248.26628523758018        228.52505837244499        1.3347649743955925     
       22022  -19.740041607518453        253.37811228068006        233.63807067316159        1.3622479154875273     
       23023  -19.740315869705206        223.44107274879929        203.70075687909409        1.2012960900473080     
       24024  -19.740013783576085        276.74963186582164        257.00961808224554        1.4879012465904391     
       25025  -19.739880443555954        264.80380830435058        245.06392786079462        1.4236763887330677     
       26026  -19.740204919536033        230.53967652713834        210.79947160760230        1.2394606264899912     
       27027  -19.741105061191174        242.19944989656341        222.45834483537223        1.3021475800890507     
       28028  -19.741291486503197        260.52459794716498        240.78330646066178        1.4006698814363709     
       29029  -19.742130806225926        253.22512882274637        233.48299801652044        1.3614254237782064     
       30030  -19.741816729221171        215.37207322526086        195.63025649603969        1.1579143721788219     
       31031  -19.744797864524230        243.32907831977403        223.58428045524980        1.3082208511815809     
       32032  -19.745442996625478        237.35209944213443        217.60665644550895        1.2760865561405077     
       33033  -19.745980634394861        227.82901781870427        208.08303718430940        1.2248871925736791     
       34034  -19.745664760007930        249.52897279814485        229.78330803813691        1.3415536171943272     
       35035  -19.747583485230731        242.85087633189406        223.10329284666332        1.3056498727521186     
       36036  -19.749570641415534        237.05186779132157        217.30229714990602        1.2744724074802236     
       37037  -19.747536901370619        249.68864917388387        229.94111227251327        1.3424120923327092     
       38038  -19.746814339337991        268.87698641388590        249.13017207454791        1.4455751957735803     
       39039  -19.745197322048071        255.56446022110805        235.81926289905999        1.3740024743070327     
       40040  -19.745079260739889        262.84423845694738        243.09915919620749        1.4131410669728355     
       41041  -19.745407046191485        292.03031769648737        272.28491065029590        1.5700554714864914     
       42042  -19.746005149987219        249.60735062990764        229.86134547992043        1.3419750033866003     
       43043  -19.746584409671282        246.98495616177703        227.23837175210576        1.3278761083966508     
       44044  -19.746426263224993        243.22382717776938        223.47740091454438        1.3076549848267172     
       45045  -19.745616320503878        227.70325862406892        207.95764230356505        1.2242110678713385     
       46046  -19.745189161965108        254.59326815169621        234.84807898973111        1.3687810115682593     
       47047  -19.743137710259084        229.39944287909853        209.65630516883945        1.2333303380596696     
       48048  -19.744424190996682        262.63444400377472        242.89001981277804        1.4120131398052405     
       49049  -19.745417607047671        230.25928000375194        210.51386239670427        1.2379531182997416     
       50050  -19.746956863234846        219.96777953765633        200.22082267442147        1.1826224706325610     
       51051  -19.747173045646988        286.56702782869309        266.81985478304608        1.5406829453155544     
       52052  -19.746948552763815        246.67665197992889        226.92970342716507        1.3262185590318758     
       53053  -19.747352717785251        259.01153426844672        239.26418155066148        1.3925351304755200     
       54054  -19.747508191026707        234.35903916710333        214.61153097607664        1.2599948342317384     
       55055  -19.746909505345670        238.08658875695340        218.33967925160772        1.2800354234244808     
       56056  -19.746843351298903        247.78086755595621        228.03402420465730        1.3321552019137433     
       57057  -19.746374364832242        227.45352942995740        207.70715506512516        1.2228684377954699     
       58058  -19.747667809191107        246.23052971564567        226.48286190645456        1.3238200522346542     
       59059  -19.749646379623886        292.53322656604229        272.78358018641842        1.5727592826131307     
       60060  -19.750035912585762        240.51938916723356        220.76935325464780        1.2931149955227612     
       61061  -19.749481084836162        251.61474976783154        231.86526868299538        1.3527674718700622     
       62062  -19.749688289890095        248.37960651143729        228.62991822154720        1.3353742285561145     
       63063  -19.749577738948478        230.28131468924479        210.53173695029631        1.2380715843507786     
       64064  -19.750839997865757        236.81498809658652        217.06414809872075        1.2731988607343363     
       65065  -19.752336561241972        245.87783348900086        226.12549692775889        1.3219238359623704     
       66066  -19.753553068760155        225.61425797140160        205.86070490264143        1.2129798815666755     
       67067  -19.756206664262429        264.56628290728946        244.81007624302703        1.4223993704692983     
       68068  -19.757070545822536        233.68120110700391        213.92413056118139        1.2563505435860427     
       69069  -19.756684438376588        254.83873230340421        235.08204786502762        1.3701007113086250     
       70070  -19.756952297918716        241.32325800755447        221.56630570963574        1.2974368710083575     
       71071  -19.757900413513870        260.17768095292394        240.41978053941006        1.3988047363060427     
       72072  -19.759451748473840        251.98411659725986        232.22466484878601        1.3547533150390316     
       73073  -19.760293354922702        228.96950425651590        209.20921090159320        1.2310188400887954     
       74074  -19.760297293291924        261.72000237789996        241.95970508460803        1.4070967869779569     
       75075  -19.761041757738308        232.16995838649166        212.40891662875336        1.2482255827230735     
       76076  -19.761761183090684        254.41953981033032        234.65777862723962        1.3678469882275825     
       77077  -19.765643258678654        255.59810119218983        235.83245793351117        1.3741833397429561     
       78078  -19.766066783042564        223.39033545334607        203.62426867030351        1.2010233088889575     
       79079  -19.765694480627751        214.73767027423750        194.97197579360974        1.1545036036249330     
       80080  -19.766504487767882        214.64332150553227        194.87681701776438        1.1539963521802812     
       81081  -19.768751409172776        236.47624700404916        216.70749559487638        1.2713776720647805     
       82082  -19.770515842869880        232.26249104942227        212.49197520655238        1.2487230701581844     
       83083  -19.771023175213227        253.76064615888868        233.98962298367545        1.3643045492413370     
       84084  -19.770194665225031        293.06314132944806        273.29294666422305        1.5756082867174628     
       85085  -19.771430565501081        271.81011599616482        252.03868543066375        1.4613447096568002     
       86086  -19.770597308539429        260.55579064355692        240.78519333501748        1.4008375841051448     
       87087  -19.770956336436331        260.69422865628661        240.92327231985027        1.4015818744961648     
       88088  -19.769647287850091        254.16956514582444        234.39991785797434        1.3665030384184111     
       89089  -19.769391735803296        235.60400449524531        215.83461275944200        1.2666881962109964     
       90090  -19.770559655184460        241.47514903564226        221.70458938045780        1.2982534894389370     
       91091  -19.772539644341130        234.97104680486433        215.19850716052321        1.2632851978756148     
       92092  -19.774011987998144        213.81894665874032        194.04493467074218        1.1495642293480663     
       93093  -19.774634772491339        228.40716678733656        208.63253201484522        1.2279955203620245     
       94094  -19.773954904176119        243.64315898118497        223.86920407700885        1.3099094568880914     
       95095  -19.773077527570166        212.75561504732482        192.98253751975466        1.1438473927275530     
       96096  -19.774824716354388        247.63417824894876        227.85935353259435        1.3313665497255311     
       97097  -19.775782609307733        236.18806425916804        216.41228164986032        1.2698283024686454     
       98098  -19.775224594311268        228.63697035902055        208.86174576470927        1.2292310234355945     
       99099  -19.775760531568626        243.82418270876175        224.04842217719312        1.3108827027352783     
      100100  -19.777610177065110        274.93278095628585        255.15517077922075        1.4781332309477735     
      101101  -19.780210826651651        272.13007765975414        252.34986683310248        1.4630649336545922     
      102102  -19.781607658753149        253.79915434426852        234.01754668551536        1.3645115824960674     
      103103  -19.782615041465402        207.60034821824613        187.81773317678073        1.1161309043991727     
      104104  -19.783039375597227        248.48334821024093        228.70030883464369        1.3359319796249514     
      105105  -19.784400654360464        240.53952884235721        220.75512818799675        1.2932232733460067     
      106106  -19.784545330386784        260.41206861310451        240.62752328271773        1.4000648850166910     
      107107  -19.784518042138775        217.71205734340023        197.92753930126145        1.1704949319537648     
      108108  -19.783614464564501        246.48272662720873        226.69911216264424        1.3251759496086493     
      109109  -19.784945273380099        241.38698301943816        221.60203774605807        1.2977794785991299     
      110110  -19.785749241493370        260.07467943335217        240.28893019185881        1.3982509646954420     
      111111  -19.785314774182432        228.03363736310740        208.24832258892496        1.2259872976511152     
      112112  -19.785214543431444        220.09037053617794        200.30515599274651        1.1832815620224622     
      113113  -19.785687305809173        233.28689871449933        213.50121140869015        1.2542306382499966     
      114114  -19.785672874358241        236.50595919776359        216.72028632340533        1.2715374150417398     
      115115  -19.786463099700050        264.85443044068040        245.06796734098035        1.4239485507563463     
      116116  -19.787717959454518        233.95796797864321        214.17025001918870        1.2578385375195873     
      117117  -19.789327133548802        251.20839455718274        231.41906742363395        1.3505827664364665     
      118118  -19.787853700997491        246.32352009775332        226.53566639675583        1.3243200005255555     
      119119  -19.787587444154788        247.01841535553825        227.23082791138347        1.3280559965351519     
      120120  -19.787717748984250        222.97118623081411        203.18346848182986        1.1987698184452373     
      121121  -19.787701785338413        247.77039295805872        227.98269117272031        1.3320988868712835     
      122122  -19.785593830760099        264.21440978444815        244.42881595368806        1.4205075794862805     
      123123  -19.786901495140466        220.81730563234916        201.03040413720871        1.1871898152276839     
      124124  -19.785585211674487        227.04682064174023        207.26123543006574        1.2206818314072057     
      125125  -19.787951081554489        271.12977227250144        251.34182119094694        1.4576869477016208     
      126126  -19.787129802163207        246.38915958066161        226.60202977849841        1.3246729009712992     
      127127  -19.784365121611906        223.46926819714642        203.68490307553452        1.2014476784792820     
      128128  -19.784694133103521        248.52948955285459        228.74479541975106        1.3361800513594333     
      129129  -19.785673950401844        252.55854438240544        232.77287043200360        1.3578416364645456     
      130130  -19.787173364962644        257.67549207254064        237.88831870757798        1.3853521079168853     
      131131  -19.786286681385000        241.77339715745362        221.98711047606861        1.2998569739648045     
      132132  -19.786877954081898        283.95383142890540        264.16695347482352        1.5266335023059432     
      133133  -19.785841002544547        225.80699122454737        206.02115022200283        1.2140160818524053     
      134134  -19.785364110862300        248.09366489581930        228.30830078495700        1.3338369080420394     
      135135  -19.784597334615135        244.14238623719339        224.35778890257825        1.3125934743935130     
      136136  -19.786552997428945        252.90185497576348        233.11530197833454        1.3596873923428145     
      137137  -19.787844450714140        242.49212150330769        222.70427705259354        1.3037210833511168     
      138138  -19.788624072147186        240.47973632843500        220.69111225628779        1.2929018082173926     
      139139  -19.788419563305229        217.09348464008241        197.30506507677717        1.1671692722585076     
      140140  -19.788467062117171        261.24589889727127        241.45743183515410        1.4045478435337166     
      141141  -19.789341963567214        252.31569441996862        232.52635245640141        1.3565359915052078     
      142142  -19.789116875866281        255.57359153958777        235.78447466372148        1.3740515674171387     
      143143  -19.790050708438656        230.17891324072758        210.38886253228893        1.2375210389286431     
      144144  -19.789733482390247        250.71388011913291        230.92414663674265        1.3479240866620050     
      145145  -19.790254370845098        240.95753909334618        221.16728472250108        1.2954706402868075     
      146146  -19.789998055547418        251.52659591159420        231.73659785604679        1.3522935264064206     
      147147  -19.789038483840592        253.53473494416355        233.74569646032296        1.3630899728180836     
      148148  -19.789675486886132        247.11684294858344        227.32716746169731        1.3285851771429218     
      149149  -19.790582229943812        259.22684046422785        239.43625823428403        1.3936926906678917     
