 
 
 rho =   0.10000000149011612     
        1001  -19.733728534031290        237.04514748241436        217.31141894838308        1.2744362767871742     
        2002  -19.734113695898831        274.67914680600740        254.94503311010857        1.4767696064839109     
        3003  -19.734386565876889        274.45853727689672        254.72415071101983        1.4755835337467567     
        4004  -19.735357518149616        288.77757544919115        269.04221793104153        1.5525676099418879     
        5005  -19.736558691359647        283.03890361952301        263.30234492816339        1.5217145355888335     
        6006  -19.737294418366883        295.33152612699365        275.59423170862675        1.5878039039085681     
        7007  -19.736317029566798        269.25320078020673        249.51688375063992        1.4475978536570255     
        8008  -19.736863350565919        240.29180967368234        220.55494632311641        1.2918914498585072     
        9009  -19.736176216064212        284.16858895184725        264.43241273578303        1.5277881126443402     
       10010  -19.736644066321048        274.15469917023950        254.41805510391845        1.4739499955389221     
       11011  -19.736350110181949        245.56066189958742        225.82431178940547        1.3202186123633732     
       12012  -19.735263975779151        268.98482133545326        249.24955735967410        1.4461549534164155     
       13013  -19.735896297662418        251.70118510614202        231.96528880847961        1.3532321779900109     
       14014  -19.735474797773339        269.36714804249760        249.63167324472425        1.4482104733467613     
       15015  -19.738220159688609        248.79470283983107        229.05648268014247        1.3376059292464038     
       16016  -19.740855823622880        258.60761637406546        238.86676055044256        1.3903635288928251     
       17017  -19.740987072159712        306.19314196526938        286.45215489310965        1.6461996879853193     
       18018  -19.742054890059428        292.19039343661080        272.44833854655138        1.5709160937452196     
       19019  -19.742621241233930        283.96545822320559        264.22283698197168        1.5266960119527184     
       20020  -19.741046422502198        254.43810824485865        234.69706182235646        1.3679468185207455     
       21021  -19.741757907054744        267.36369327975621        247.62193537270147        1.4374392111814851     
       22022  -19.740530742493561        272.86874366312315        253.12821292062961        1.4670362562533503     
       23023  -19.740816709479176        240.62885261664218        220.88803590716299        1.2937035086916246     
       24024  -19.740516952713801        298.03807510492851        278.29755815221472        1.6023552424996157     
       25025  -19.740398493172858        285.17334236476188        265.43294387158903        1.5331900127137736     
       26026  -19.740752027838074        248.27350228422247        228.53275025638439        1.3348037757216262     
       27027  -19.741692972028336        260.83018198676228        241.08848901473394        1.4023128063804424     
       28028  -19.741901569573731        280.56495862911879        260.82305705954508        1.5084137560705313     
       29029  -19.742786327467204        272.70398653606378        252.96120020859658        1.4661504652476549     
       30030  -19.742465905104318        231.93916103023309        212.19669512512877        1.2469847367216833     
       31031  -19.745572094772108        262.04670801548355        242.30113592071143        1.4088532689004494     
       32032  -19.746255052298121        255.60995563956439        235.86370058726627        1.3742470733309915     
       33033  -19.746827521399972        245.35432629831888        225.60749877691890        1.3191092811737575     
       34034  -19.746521657035341        268.72351785000842        248.97699619297308        1.4447500959677873     
       35035  -19.748530620938226        261.53171843248060        241.78318781154238        1.4060845077015087     
       36036  -19.750596478558123        255.28663155315658        235.53603507459846        1.3725087717911646     
       37037  -19.748489897114428        268.89547243717749        249.14698254006305        1.4456745829955779     
       38038  -19.747737944751012        289.55984221729534        269.81210427254433        1.5567733452542762     
       39039  -19.746068472177278        275.22327474087791        255.47720626870063        1.4796950254885910     
       40040  -19.745962726781187        283.06303784237849        263.31707511559728        1.5218442894751534     
       41041  -19.746316032940790        314.49419506351944        294.74787903057864        1.6908290057178466     
       42042  -19.746949062372174        268.80791826952265        249.06096920715046        1.4452038616641003     
       43043  -19.747541717941733        265.98381006931641        246.23626835137466        1.4300204842436366     
       44044  -19.747394571641621        261.93335189846397        242.18595732682235        1.4082438274110967     
       45045  -19.746565976022687        245.21890156661431        225.47233559059163        1.3183811912183565     
       46046  -19.746138708690456        274.17737299835005        254.43123428965959        1.4740718978405918     
       47047  -19.744008606324588        247.04556109828593        227.30155249196133        1.3282019413886341     
       48048  -19.745351440449117        282.83709743095710        263.09174599050800        1.5206295560804146     
       49049  -19.746379792094270        247.97153719720990        228.22515740511562        1.3331803075118813     
       50050  -19.747998425294554        236.88838216079466        217.14038373550011        1.2735934524773909     
       51051  -19.748246606629937        308.61065465427470        288.86240804764475        1.6591970680337351     
       52052  -19.748031214056898        265.65178734237469        245.90375612831778        1.4282354158192190     
       53053  -19.748470366984719        278.93550637597281        259.18703600898812        1.4996532600858754     
       54054  -19.748647890997475        252.38666235098637        232.63801445998888        1.3569175395214321     
       55055  -19.748028325794159        256.40094810294465        236.65291977715049        1.3784997209835734     
       56056  -19.747972879019940        266.84093144800647        247.09295856898655        1.4346286636989596     
       57057  -19.747510510568791        244.94995941074359        225.20244890017480        1.3169352656491591     
       58058  -19.748887104622572        265.17134902862699        245.42246192400441        1.4256524141324034     
       59059  -19.750935420867794        315.03579003246784        295.28485461160005        1.6937408066261714     
       60060  -19.751340293224253        259.02088069259491        239.26954039937067        1.3925853800677148     
       61061  -19.750761664243775        270.96973390249531        251.21897223825152        1.4568265263575018     
       62062  -19.750982981809535        267.48573708412391        247.73475410231438        1.4380953606673330     
       63063  -19.750891821366586        247.99526371597824        228.24437189461165        1.3333078694407434     
       64064  -19.752205132557144        255.03153309429263        235.27932796173548        1.3711372747004982     
       65065  -19.753776697360845        264.79151657003456        245.03773987267371        1.4236103041399708     
       66066  -19.755035816782563        242.96920008826032        223.21416427147776        1.3062860219798944     
       67067  -19.757781514409469        284.91754035004800        265.15975883563851        1.5318147330647742     
       68068  -19.758679655054838        251.65668290022847        231.89800324517364        1.3529929188184329     
       69069  -19.758280026098692        274.44171299941297        254.68343297331427        1.4754930806420052     
       70070  -19.758576495926295        259.88658810227071        240.12801160634442        1.3972397209799501     
       71071  -19.759567413187856        280.19135513307850        260.43178771989062        1.5064051351240781     
       72072  -19.761195302017608        271.36752181837335        251.60632651635575        1.4589651710665235     
       73073  -19.762070194357552        246.58254201070372        226.82047181634616        1.3257125914553964     
       74074  -19.762073105023912        281.85231366970930        262.09024056468542        1.5153350197296200     
       75075  -19.762862398689805        250.02919557947826        230.26633318078845        1.3442429869864423     
       76076  -19.763619097138516        273.99028095254459        254.22666185540606        1.4730660266265840     
       77077  -19.767675534298132        275.25949711062196        255.49182157632384        1.4798897694119462     
       78078  -19.768109662111108        240.57420489180703        220.80609522969593        1.2934097037193928     
       79079  -19.767724499893557        231.25595973938422        211.48823523949068        1.2433116115020659     
       80080  -19.768575062702727        231.15434533009085        211.38577026738812        1.2427652974736068     
       81081  -19.770938350030928        254.66673480653267        234.89579645650176        1.3691759935835091     
       82082  -19.772777456902780        250.12884419803828        230.35606674113549        1.3447787322475178     
       83083  -19.773313473462466        273.28070295013106        253.50738947666861        1.4692510911297370     
       84084  -19.772476925536914        315.60646171975964        295.83398479422272        1.6968089339772026     
       85085  -19.773784956364612        292.71858583427343        272.94480087790879        1.5737558378186745     
       86086  -19.772936532790794        280.59854461561031        260.82560808281949        1.5085943258903782     
       87087  -19.773315274308302        280.74763435757711        260.97431908326882        1.5093958836428878     
       88088  -19.771943468812097        273.72107698786778        253.94913351905569        1.4716186934831601     
       89089  -19.771690051803940        253.72739983085810        233.95570977905416        1.3641258055422480     
       90090  -19.772904095308434        260.05016033059206        240.27725623528363        1.3981191415623231     
       91091  -19.774965369625754        253.04574967780485        233.27078430817909        1.3604610197731444     
       92092  -19.776517280570193        230.26656209172810        210.49004481115790        1.2379922693103662     
       93093  -19.777168710793390        245.97694790913880        226.19977919834542        1.3224567091889183     
       94094  -19.776487538630526        262.38494880675648        242.60846126812595        1.4106717677782608     
       95095  -19.775598727330316        229.12143618621795        209.34583745888764        1.2318356784205267     
       96096  -19.777460057368497        266.68296617073526        246.90550611336676        1.4337793880147058     
       97097  -19.778491850498465        254.35637348046177        234.57788162996331        1.3675073843035581     
       98098  -19.777934644959871        246.22443469268725        226.44650004772740        1.3237872832940176     
       99099  -19.778487360311015        262.57989926242169        242.80141190211069        1.4117198885076436     
      100100  -19.780438443898849        296.08146442384776        276.30102597994892        1.5918358302357407     
      101101  -19.783171579761660        293.06316295741368        273.27999137765204        1.5756084029968478     
      102102  -19.784664233697676        273.32218173591906        253.53751750222139        1.4694740953544037     
      103103  -19.785738986720038        223.56961051067805        203.78387152395800        1.2019871532832154     
      104104  -19.786194370380755        267.59745370713051        247.81125933674974        1.4386959876727448     
      105105  -19.787630938475907        259.04257874839845        239.25494780992256        1.3927020362817122     
      106106  -19.787769055345514        280.44376557278571        260.65599651744020        1.5077621804988479     
      107107  -19.787748019065919        234.45914142467555        214.67139340560962        1.2605330184122343     
      108108  -19.786785415842559        265.44294688428243        245.65616146843988        1.4271126176574325     
      109109  -19.788162184896560        259.95521734084724        240.16705515595069        1.3976086953808993     
      110110  -19.789013311687427        280.08042103007148        260.29140771838405        1.5058087152154382     
      111111  -19.788551066049877        245.57469109492308        225.78614002887321        1.3202940381447479     
      112112  -19.788424558318379        237.02040729788504        217.23198273956666        1.2743032650423929     
      113113  -19.788946899753945        251.23204417132183        231.44309727156789        1.3507099148995798     
      114114  -19.788942090247556        254.69873408859743        234.90979199834987        1.3693480327343950     
      115115  -19.789771546284644        285.22785759826360        265.43808605197893        1.5334831053670086     
      116116  -19.791102066983392        251.95474448035120        232.16364241336780        1.3545954004319958     
      117117  -19.792802620507945        270.53211992855688        250.73931730804892        1.4544737630567575     
      118118  -19.791275647428719        265.27148200459038        245.48020635716165        1.4261907634655397     
      119119  -19.791021033581806        266.01983234454485        246.22881131096304        1.4302141523900262     
      120120  -19.791179133585253        240.12282714808197        220.33164801449672        1.2909829416563547     
      121121  -19.791164132852803        266.82965382809192        247.03848969523912        1.4345680313338276     
      122122  -19.788983678573008        284.53858878607042        264.74960510749742        1.5297773590648949     
      123123  -19.790365809879837        237.80326205554951        218.01289624566968        1.2785121615889761     
      124124  -19.788985187838776        244.51195485989314        224.72296967205438        1.3145804024725438     
      125125  -19.791470187981218        291.98590680484506        272.19443661686387        1.5698167032518553     
      126126  -19.790630409142292        265.34218045650601        245.55155004736372        1.4265708626693874     
      127127  -19.787772849588833        240.65921429635702        220.87144144676819        1.2938667435288014     
      128128  -19.788124487585279        267.64714920885422        247.85902472126895        1.4389631677895389     
      129129  -19.789147648381757        271.98613135543292        252.19698370705117        1.4622910287926503     
      130130  -19.790738258959600        277.49668127403260        257.70594301507299        1.4919176412582398     
      131131  -19.789822030459604        260.37135669828001        240.58153466782039        1.3998460037541938     
      132132  -19.790417753778595        305.79643619849196        286.00601844471339        1.6440668612822149     
      133133  -19.789344967239757        243.17676560254608        223.38742063530634        1.3074019656050866     
      134134  -19.788869464090823        267.17779826644625        247.38892880235542        1.4364397756260552     
      135135  -19.788096824038636        262.92256683507992        243.13447001104129        1.4135621872853761     
      136136  -19.790164052807963        272.35585128212102        252.56568722931306        1.4642787703339841     
      137137  -19.791507095922857        261.14536777928038        241.35386068335751        1.4040073536520452     
      138138  -19.792315277118565        258.97817968184648        239.18586440472791        1.3923558047411102     
      139139  -19.792102466197058        233.79298628924914        214.00088382305208        1.2569515391895116     
      140140  -19.792178429823579        281.34172938516645        261.54955095534285        1.5125899429310026     
      141141  -19.793072939747233        271.72460512137877        251.93153218163155        1.4608849737708538     
      142142  -19.792843334920612        275.23310376227533        255.44026042735473        1.4797478696896524     
      143143  -19.793821971718870        247.88498733948273        228.09116536776386        1.3327149856961438     
      144144  -19.793473051668276        269.99956804065204        250.20609498898375        1.4516105808637207     
      145145  -19.794035171410229        259.49274176000864        239.69870658859841        1.3951222675269284     
      146146  -19.793781087159235        270.87480462690814        251.08102353974891        1.4563161539081084     
      147147  -19.792800083133372        273.03741210506240        253.24461202192902        1.4679430758336689     
      148148  -19.793451091309279        266.12583401740415        246.33238292609485        1.4307840538570116     
      149149  -19.794422547527070        279.16737865992025        259.37295611239318        1.5008998852683886     
